1.577363 1.741356 1.810943 1.841219 1.861879 1.877550 1.887969 1.900308 1.904121 1.910700 1.918570 1.920354 1.925422 1.928159 1.931525 1.934986 1.936845 1.938635 1.941937 1.942394 
1.151553 1.293872 1.352080 1.385485 1.404507 1.420460 1.427324 1.434374 1.440016 1.447908 1.451028 1.453186 1.456327 1.460379 1.462888 1.463122 1.465615 1.467920 1.468615 1.470645 
1.087075 1.096142 1.163002 1.202962 1.224974 1.242264 1.255641 1.262757 1.269504 1.276342 1.280371 1.284649 1.288396 1.291216 1.293048 1.294932 1.297507 1.299434 1.299729 1.301405 
1.084926 1.044312 1.060374 1.097914 1.126330 1.146222 1.159784 1.171134 1.178138 1.185711 1.190859 1.194560 1.198965 1.202135 1.204663 1.207855 1.210492 1.211659 1.213821 1.215589 
1.083195 1.041953 1.031082 1.038194 1.060271 1.081739 1.097610 1.109312 1.119542 1.127246 1.132704 1.138561 1.142349 1.145898 1.150189 1.152492 1.155709 1.158177 1.160093 1.162230 
1.083090 1.042118 1.029616 1.023135 1.024628 1.035694 1.051320 1.065280 1.076125 1.084012 1.092013 1.097778 1.102080 1.106952 1.110709 1.114011 1.116746 1.119195 1.121487 1.124454 
1.087904 1.038873 1.026475 1.022156 1.018759 1.017056 1.022545 1.031631 1.041911 1.052682 1.059497 1.066298 1.072363 1.077224 1.080428 1.085136 1.088585 1.091313 1.093141 1.095765 
1.095577 1.042159 1.030280 1.021626 1.016962 1.014762 1.014320 1.014825 1.018355 1.025993 1.033184 1.040943 1.047136 1.052398 1.057596 1.061165 1.064887 1.068209 1.071272 1.072702 
1.109506 1.039220 1.026943 1.021833 1.017710 1.016127 1.014066 1.013036 1.011294 1.012778 1.015844 1.019784 1.026847 1.032065 1.037140 1.041835 1.045151 1.048735 1.052300 1.055388 
1.163844 1.038721 1.028256 1.021444 1.019389 1.016322 1.014770 1.012226 1.011277 1.009977 1.010072 1.010520 1.012653 1.016069 1.019917 1.024448 1.029227 1.032490 1.035588 1.039721 
1.163188 1.040725 1.028108 1.021641 1.018625 1.016105 1.014952 1.011990 1.011564 1.009800 1.009745 1.008887 1.008193 1.008809 1.009867 1.012512 1.016076 1.019038 1.022365 1.026251 
1.162819 1.037313 1.028189 1.023286 1.018291 1.016045 1.014593 1.013245 1.010778 1.011026 1.009599 1.009248 1.007891 1.007473 1.007562 1.007981 1.008454 1.009606 1.011572 1.014367 
1.162534 1.039668 1.030648 1.023467 1.019481 1.016704 1.014506 1.011928 1.011618 1.011315 1.010715 1.009069 1.008582 1.007582 1.007835 1.006590 1.006504 1.006530 1.006959 1.008099 
1.163567 1.038959 1.028488 1.021553 1.019155 1.017152 1.015015 1.013404 1.011551 1.010197 1.010449 1.008991 1.008506 1.008281 1.007643 1.007039 1.006762 1.005835 1.005762 1.005559 
1.163373 1.042674 1.030299 1.024576 1.019949 1.017707 1.015019 1.014461 1.011572 1.011537 1.010758 1.008461 1.008243 1.007989 1.007718 1.007208 1.006639 1.006284 1.006295 1.005987 
1.162665 1.044339 1.030923 1.024483 1.018241 1.016486 1.015501 1.013406 1.012455 1.010866 1.010264 1.009547 1.008965 1.008947 1.007661 1.007290 1.006790 1.006479 1.006240 1.005911 
1.162615 1.045144 1.031205 1.023434 1.019883 1.017201 1.015392 1.013592 1.012242 1.011476 1.010387 1.009024 1.008948 1.008404 1.007989 1.007745 1.007742 1.006833 1.006088 1.006157 
1.164359 1.049574 1.028691 1.022272 1.020907 1.017947 1.015095 1.014107 1.011975 1.011674 1.010412 1.008859 1.009668 1.009312 1.007916 1.007832 1.007242 1.006767 1.006307 1.005927 
1.162955 1.056644 1.028514 1.024122 1.019832 1.017813 1.015144 1.014429 1.012977 1.011591 1.010243 1.011110 1.009311 1.008972 1.008844 1.007304 1.006975 1.007301 1.006579 1.006360 
1.163555 1.087922 1.029031 1.024486 1.020703 1.017682 1.016891 1.014950 1.012774 1.012117 1.009637 1.010266 1.009853 1.008005 1.008299 1.008339 1.007047 1.007030 1.006611 1.006512 

1.881612 1.418865 1.250567 1.165272 1.114427 1.081022 1.058487 1.043218 1.032880 1.028347 1.023922 1.021467 1.021017 1.020693 1.021337 1.021373 1.021575 1.021842 1.022351 1.024085 

1.157783 1.095084 1.092657 1.095464 1.098524 1.101952 1.104873 1.107520 1.109489 1.112247 1.114317 1.116005 1.118035 1.119814 1.121472 1.122991 1.124550 1.125874 1.127138 1.128571 

1.114718

5698 seconds